0;1;101;53;23141
0;1;102;8;7151
0;1;103;8;4315
0;1;105;3;4698
0;1;107;11;42262
0;1;109;1;5300
0;1;110;11;138870
0;1;111;128;34559
0;1;112;13;2522
0;1;113;3;1407
0;1;;5;3900
0;1;122;1;1800
0;1;126;2;9599
0;1;128;4;5790
0;1;129;38;252842
0;1;130;58;424485
0;1;132;20;25836
0;1;133;145;735616
0;1;134;4;6098
0;1;135;88;60465
0;1;;39;280170
0;1;136;497;1273184
0;2;102;45;23533
0;2;110;7;99261
0;2;111;233;57726
0;2;112;26;5009
0;2;113;33;14013
0;2;129;21;152976
0;2;130;75;501058
0;2;133;71;378561
0;2;134;14;11952
0;2;135;48;34115
0;2;;22;174570
0;2;136;477;1003210
0;3;107;17;63582
0;3;110;1;13878
0;3;111;5;1362
0;3;114;31;126601
0;3;115;49;95380
0;3;116;22;38927
0;3;123;13;47850
0;3;126;4;22302
0;3;129;2;14251
0;3;133;82;555154
0;3;135;31;21117
0;3;;9;65547
0;3;136;87;302280
0;4;103;31;17787
0;4;110;2;25230
0;4;114;16;60930
0;4;116;12;12743
0;4;126;33;169948
0;4;128;23;24985
0;4;129;8;54236
0;4;130;2;14387
0;4;133;98;658456
0;4;135;47;35272
0;4;;12;91768
0;4;136;168;348473
0;5;101;17;8347
0;5;104;37;62713
0;5;106;3;2750
0;5;107;157;506998
0;5;108;49;106649
0;5;110;6;71366
0;5;111;2;428
0;5;119;13;16295
0;5;127;86;92505
0;5;129;8;49339
0;5;130;21;151308
0;5;131;33;30830
0;5;133;78;374815
0;5;135;70;57457
0;5;;14;101388
0;5;136;76;370466
0;6;103;15;6759
0;6;110;4;49510
0;6;111;31;8380
0;6;118;93;28805
0;6;121;18;6359
0;6;122;7;12855
0;6;124;43;61398
0;6;;155;31755
0;6;128;2;1843
0;6;129;82;477332
0;6;130;17;127551
0;6;133;66;292782
0;6;135;15;9799
0;6;;19;125202
0;6;136;126;398606
0;7;101;8;2875
0;7;109;2;1966
0;7;110;1;9935
0;7;111;47;12606
0;7;112;1;194
0;7;117;5;3021
0;7;129;24;105718
0;7;130;9;57593
0;7;133;21;104989
0;7;135;6;4378
0;7;;9;57532
0;7;136;79;226483
0;1;201;33;28079
0;1;202;17;26955
0;1;204;11;13982
0;1;205;287;420670
0;1;206;17;8897
0;1;207;3;5071
0;1;208;3;74635
0;1;209;19;276129
0;1;210;23;50273
0;1;212;8;67184
0;1;213;34;48129
0;1;214;20;141441
0;1;215;25;99497
0;1;217;3;3950
0;2;202;19;32106
0;2;204;8;9898
0;2;205;128;173039
0;2;207;2;10889
0;2;208;11;218478
0;2;209;14;289722
0;2;210;3;7722
0;2;213;85;121267
0;2;214;17;175894
0;2;215;43;190810
0;3;202;5;7508
0;3;203;4;39399
0;3;204;11;13260
0;3;205;82;137618
0;3;209;6;76426
0;3;210;13;29935
0;3;211;1;1770
0;3;212;2;15283
0;3;213;9;13847
0;3;214;6;38049
0;3;215;3;10539
0;4;202;7;11396
0;4;204;4;4801
0;4;205;74;129836
0;4;207;2;4877
0;4;208;1;8000
0;4;209;6;84800
0;4;210;22;61413
0;4;211;16;26487
0;4;213;9;12103
0;4;214;6;55249
0;4;215;7;26710
0;5;202;4;6120
0;5;204;12;11741
0;5;205;170;289622
0;5;209;5;58774
0;5;210;7;16964
0;5;212;4;24641
0;5;213;7;10730
0;5;214;13;99136
0;5;215;2;7920
0;6;202;8;13214
0;6;204;15;13139
0;6;205;115;187056
0;6;207;1;546
0;6;208;1;7300
0;6;209;8;106032
0;6;210;4;11249
0;6;212;6;35067
0;6;213;15;23560
0;6;214;14;102839
0;6;215;10;37245
0;6;216;4;24200
0;7;202;2;3127
0;7;204;5;4619
0;7;205;59;94014
0;7;208;1;4000
0;7;209;3;28265
0;7;210;2;5302
0;7;212;3;27454
0;7;213;4;5038
0;7;214;3;17177
0;7;215;4;15296
0;1;301;151;15863
0;1;303;10;1688
0;1;305;71;27217
0;1;307;2395;258660
0;1;308;7;2109
0;1;309;431;51720
0;1;310;20;372
0;1;312;10;3395
0;1;313;22;7168
0;1;314;1;1500
0;1;315;1;190
0;1;316;40;6183
0;1;317;5;558
0;1;318;313;129685
0;1;319;241;51575
0;1;322;192;30214
0;1;323;53;13395
0;1;324;10;850
0;1;325;154;9517
0;1;326;28;2975
0;1;327;9;1999
0;1;328;28;551922
0;1;329;21;2155
0;1;330;11;4884
0;1;332;12;8111
0;1;333;55;76166
0;1;334;3;5602
0;1;335;32;45423
0;1;337;124;56601
0;1;338;14;1402
0;1;339;23;2743
0;1;340;3;1182
0;1;341;37;6164
0;1;342;27;5488
0;1;343;17;4773
0;1;344;190;19289
0;1;345;15;6906
0;1;346;12;1481
0;1;347;83;2678
0;1;348;15;25017
0;2;301;310;22077
0;2;303;2;858
0;2;305;12;4622
0;2;307;1278;138024
0;2;308;15;4392
0;2;309;127;15240
0;2;312;21;10884
0;2;313;27;9771
0;2;314;5;6950
0;2;316;85;18303
0;2;317;24;2519
0;2;318;1;410
0;2;319;29;3922
0;2;323;46;10700
0;2;324;28;1820
0;2;325;135;9641
0;2;326;4;677
0;2;;2;4303
0;2;328;16;295847
0;2;329;99;9672
0;2;330;1;433
0;2;332;17;8787
0;2;333;62;64200
0;2;334;2;2106
0;2;335;23;29737
0;2;337;18;5726
0;2;338;48;5166
0;2;339;48;6506
0;2;340;18;10742
0;2;341;22;3492
0;2;342;41;9229
0;2;343;22;6832
0;2;344;96;7172
0;2;345;9;3465
0;2;346;53;6582
0;2;347;114;3611
0;2;348;24;34607
0;3;301;47;4606
0;3;302;2;1600
0;3;303;1;23
0;3;304;120;22691
0;3;305;38;14824
0;3;307;1154;124632
0;3;309;6;720
0;3;310;855;20684
0;3;312;1;425
0;3;318;61;23583
